N_NEURONS_HIDDEN=89
LEARNING_RATE=0.00010792632635753897
WEIGHT_DECAY=1.3000698177744616e-05
BATCH_SIZE=64
N_FEATURES=30720
N_CLASSES=3
HOMOGENEOUS=1
SPIKING=0
