N_NEURONS_HIDDEN=167
SYNAPSE_FAST=0.0044048588944318855
SYNAPSE_SLOW=0.05422395713610029
LEARNING_RATE=0.0010957049403056021
BATCH_SIZE=32
